25
25
O
24
O
2
1
3
1
3
1
1
S
6
6
O
6
1
2
O
24
4
7
1
1
2
6
O
24
O
2
1
8
1
3
1
1
1
6
6
O
6
1
2
O
24
4
7
1
1
2
6
O
24
O
2
1
3
1
3
1
1
1
6
6
1
6
1
2
999
24
4
7
1
1
2
6
O
24
O
2
1
3
1
3
1
1
1
6
6
O
6
1
2
O
24
4
7
1
1
2
6
O
24
O
2
1
3
1
3
1
1
1
6
6
O
6
1
2
O
24
4
7
1
1
2
6
O
24
O
2
1
3
1
3
1
1
1
6
6
O
6
1
2
O
24
4
7
1
1
2
6
O
24
O
2
1
3
1
3
1
1
1
6
6
O
6
1
2
O
24
4
7
1
1
2
6
O
24
O
2
1
3
1
3
1
1
1
6
6
O
6
1
2
O
24
4
7
1
1
2
6
O
24
O
2
1
3
1
3
1
1
1
6
6
O
6
1
2
O
24
4
7
1
1
2
6
O
24
O
2
1
3
1
3
1
1
1
6
6
O
6
1
2
O
24
4
7
1
1
2
6
O
24
O
2
1
3
1
3
1
1
1
6
6
O
6
1
2
O
24
4
7
1
1
2
6
O
24
O
2
1
3
1
3
1
1
1
6
6
O
6
1
2
O
24
4
7
1
1
2
6
O
24
O
2
1
3
1
3
1
1
1
6
6
O
6
1
2
O
24
4
7
1
1
2
6
O
24
O
2
1
3
1
3
1
1
1
6
6
O
6
1
2
O
24
4
7
1
1
2
6
O
24
O
2
1
3
1
3
1
1
1
6
6
O
6
1
2
O
24
4
7
1
1
2
6
O
24
O
2
1
3
1
3
1
1
1
6
6
O
6
1
2
O
24
4
7
1
1
2
6
O
24
O
2
1
3
1
3
1
1
1
6
6
O
6
1
2
O
24
4
7
1
1
2
6
O
24
O
2
1
3
1
3
1
1
1
6
6
O
6
1
2
O
24
4
7
1
1
2
6
O
24
O
2
1
3
1
3
1
1
1
6
6
O
6
1
2
O
24
4
7
1
1
2
6
O
24
O
2
1
3
1
3
1
1
1
6
6
O
6
1
2
O
24
4
7
1
1
2
6
O
24
O
2
1
3
1
3
1
1
1
6
6
O
6
1
2
O
24
4
7
1
1
2
6
O
24
O
2
1
3
1
3
1
1
1
6
6
O
6
1
2
O
24
4
7
1
1
2
6
O
24
O
2
1
3
1
3
1
1
1
6
6
O
6
1
2
O
24
4
7
1
1
2
6
O
24
O
2
1
3
1
3
1
1
1
6
6
O
6
1
2
O
24
4
7
1
1
2
6
O
24
O
2
1
3
1
3
1
1
1
6
6
O
6
1
2
O
24
4
7
1
1
R
2
