25
50
77
63
O
O
R
8
21
72
O
99
88
82
O
O
6
18
84
O
93
65
8
71
O
62
2
9
84
64
47
63
35
62
49
O
62
53
83
58
9
76
46
O
54
O
88
62
91
78
O
63
55
38
33
92
O
45
18
46
75
82
83
36
64
13
24
26
31
14
15
13
74
57
O
98
36
44
12
42
55
76
4
58
26
43
O
17
88
13
O
5
12
O
69
8
45
41
94
77
89
88
2
68
49
44
96
91
8
58
57
28
O
36
32
88
61
5
O
98
88
99
14
3
O
15
41
58
53
32
32
72
31
1
98
27
39
15
1
33
47
52
51
25
17
49
34
44
5
17
31
15
42
17
89
72
33
28
46
O
O
55
77
26
82
O
37
28
O
74
44
78
19
2
O
34
O
7
92
29
91
52
49
2
63
69
76
44
O
31
O
85
21
79
3
O
49
72
32
75
13
77
2
92
94
89
72
92
28
79
31
5
63
41
92
34
7
45
99
93
7
6
7
24
O
11
98
44
3
72
74
93
89
29
6
16
4
2
91
75
26
62
91
41
28
73
9
55
48
52
4
46
19
62
27
O
15
36
88
91
87
O
O
84
99
54
18
22
39
19
54
59
21
38
O
87
48
29
76
99
49
74
53
86
14
73
83
26
63
23
72
78
O
98
87
91
49
25
15
86
91
25
12
74
77
34
74
35
92
13
7
57
28
72
94
O
74
11
63
39
37
78
8
O
O
86
92
O
82
74
76
32
97
O
64
85
16
79
15
52
86
O
91
44
62
68
78
95
65
36
63
93
62
96
O
34
5
O
97
42
91
22
O
O
98
58
58
84
26
22
48
O
67
1
O
35
99
83
59
O
O
O
34
16
34
33
75
97
49
O
45
28
8
88
O
O
O
84
56
59
33
89
O
16
14
89
54
65
35
49
29
15
33
15
44
O
11
46
3
1
98
O
72
34
O
O
41
O
93
61
1
41
46
91
89
1
94
55
86
2
53
99
58
92
91
78
35
16
79
37
79
34
16
38
28
1
68
31
84
2
95
3
76
18
27
34
15
5
67
79
75
O
55
94
O
4
O
39
85
95
41
11
56
59
97
2
17
79
11
81
88
7
13
37
7
75
36
63
68
77
97
O
28
45
16
73
63
27
42
79
99
16
38
39
16
43
78
37
93
O
84
44
O
71
O
78
53
37
85
39
22
55
56
8
58
O
71
68
32
7
93
61
28
56
75
68
55
61
26
21
48
63
35
96
91
O
48
49
68
46
14
36
55
78
72
3
93
46
48
76
92
22
96
9
O
12
63
74
O
66
57
O
58
63
32
46
36
88
9
87
3
77
21
31
11
93
22
83
71
65
94
53
44
78
66
88
14
25
2
33
23
63
33
5
62
94
93
34
53
33
63
2
69
62
O
48
14
O
79
O
8
O
32
96
36
32
37
47
27
98
95
63
O
38
3
57
21
28
38
42
44
24
72
15
94
92
21
7
33
46
17
89
69
18
87
6
28
83
24
38
O
1
82
96
O
42
69
29
26
73
73
7
13
4
45
42
2
81
O
36
89
62
71
48
89
66
63
53
54
81
78
5
14
25
28
7
93
15
51
5
91
67
65
86
42
29
57
48
8
74
8
51
O
98
O
82
49
3
75
71
94
76
29
25
94
23
73
19
94
93
59
O
81
O
27
79
7
48
44
83
O
89
59
56
O
24
31
92
66
48
65
O
61
55
75
58
5
O
31
52
48
12
64
7
O
82
73
79
75
56
O
34
3
O
26
16
72
85
22
12
O
56
68
48
65
58
3
4
75
42
31
69
57
47
98
22
46
22
91
62
1
3
2
19
44
32
2
61
O
44
44
69
O
73
O
O
49
4
36
55
21
88
98
96
12
72
71
11
O
16
O
23
64
O
57
O
51
3
35
7
8
86
33
76
O
79
O
11
4
67
4
94
9
11
95
35
61
9
O
29
32
98
68
72
O
74
67
41
25
44
87
46
59
O
O
85
46
87
44
83
3
O
82
78
1
22
65
37
79
52
55
32
77
34
11
18
38
73
25
2
52
O
86
22
61
26
44
39
15
O
O
78
49
23
O
87
42
26
94
8
94
46
26
91
86
83
52
17
93
25
41
O
37
84
83
66
74
76
O
93
99
98
55
38
27
98
29
98
45
91
76
93
9
71
41
45
23
59
27
66
O
O
87
98
O
49
65
21
87
34
29
26
49
21
5
98
55
63
53
39
96
13
12
99
48
32
77
91
58
44
3
91
53
64
1
17
81
25
O
31
49
58
37
92
27
21
6
86
79
92
74
65
48
95
O
47
61
87
75
58
68
86
15
34
85
11
O
96
9
44
41
59
66
61
37
54
37
27
12
O
24
O
46
16
32
42
26
O
O
36
96
3
29
18
64
43
99
19
87
89
26
69
91
21
O
11
33
49
58
2
17
67
77
33
62
O
83
49
61
24
72
O
96
8
25
9
28
2
74
48
46
46
82
51
82
43
29
86
98
23
43
46
45
O
63
89
71
73
15
12
65
3
83
3
O
19
9
34
43
46
75
32
56
8
45
79
46
11
17
83
63
57
39
54
43
71
81
86
74
13
53
95
19
16
13
22
99
18
O
21
21
52
36
O
82
59
26
O
33
59
89
64
24
42
O
47
34
93
28
69
22
59
O
O
O
O
11
14
71
33
98
69
75
64
4
39
44
61
6
38
31
6
12
22
78
31
19
9
4
64
7
73
41
7
O
O
65
86
57
O
72
39
12
96
O
25
29
79
71
96
O
43
73
43
65
65
19
11
27
1
72
63
O
67
39
47
O
92
O
58
S
52
